GaiaSourceID         R.A.      Decl.     g   vr,GSR  (Fe/H) (α/Fe) Distance fbound,LMC 
6611869850296545024 333.05859  -33.8833  17.1  -110.3  -2.45 0.05 0.25 0.09  64 5 0.11 
6619464348908375808 329.91349  -27.49912 17.6  -74.7   -2.25 0.04 0.40 0.06  80 6 0.01 
6465479360347429888 321.90473  -51.3359  17.2  -148.7  -1.99 0.05 0.28 0.05  71 6 0.80 
6568195388720305280 333.31103  -42.98636 17.4  -140.8  -1.87 0.05 0.17 0.06  72 6 0.40 
6544712569129986944 340.89748  -41.18518 17.5  -171.2  -1.84 0.06 0.37 0.06  70 6 0.59 
6477086664083654528 316.1877   -51.15244 17.2  -163.6  -1.73 0.04 0.15 0.05  71 7 0.49 
2633051523542392320 353.06779  -4.94589  17.6  -75.5   -1.20 0.02 0.12 0.02 107 5 0.09 
2601407505880573696 339.05471  -12.89394 17.7  -83.7   -1.19 0.03 0.12 0.02 105 6 0.01 
6495806880338282496 353.0589   -56.37423 16.8  -136.9  -0.80 0.02 0.05 0.01  80 3 0.16 
2392166457384504320 354.26508  -19.37407 17.9  -169.9  -0.71 0.03 0.06 0.02 113 6 0.33 
2311053770911989504 359.37789  -36.24547 16.7  -174.1  -0.64 0.01 0.15 0.01  79 1 0.83 
2661637550258741376 346.0394    2.60228  17.7  -176.0  -0.64 0.03 0.07 0.01  84 7 0.23 
6499025043497382272 349.88113  -55.86038 17.9  -119.1  -0.51 0.04 0.14 0.02  61 8 0.03